Vasempaan laitaan siirto
-tarkista, onko ylimmalla rivilla 1
-tarkista onko positioissa 15, 11, 7 ja 3 bitti 1
-63624 arvolla ylin rivi ja vasen laita ovat 1
-26 max tetriminos


32768
1000
0000
0000
0000

49152

1100
0000
0000
0000

2048

0000
1000
0000
0000

52224

1100
1100
0000
0000

mapped_tetrimino[4] = 49152, 49152, 49152, 49152
= 1100 0000 0000 0000, 1100 0000 0000 0000, 1100 0000 0000 0000, 1100 0000 0000 0000

1.
shape = 52224
	1100 1100 0000 0000
	1000 0000 0000 0000
=	1000 0000 0000 0000

2.
shape
	1100 1100 0000 0000
	0100 0000 0000 0000
=	1100 0000 0000 0000

3. line 2
shape
	1100 1100 1100 1100
	0010 0000 0000 0000
=	
